0.154343 0.968374 0.112863 -0.907929 0.0486221 blue 
0.530611 0.0729333 -0.949749 -0.422736 0.0209237 green 
0.254574 0.903981 0.88474 0.339723 0.0101693 red 
0.590871 0.647164 -0.195692 0.475245 0.0467702 green 
0.948775 0.883535 0.575716 0.772943 0.0193414 green 
0.469597 0.889588 0.464515 0.969729 0.0246373 red 
0.798594 0.280372 0.0343413 0.357257 0.0105135 green 
0.482824 0.787869 0.000103142 -0.084805 0.0163844 blue 
0.782372 0.696692 -0.461326 0.661551 0.0387294 red 
0.495101 0.0762575 -0.799315 0.725901 0.0240419 green 
0.774025 0.730893 -0.0458035 0.213542 0.0263237 red 
0.639514 0.50921 -0.0725708 -0.114218 0.0354512 green 
0.790617 0.0914122 -0.390304 0.306365 0.0311681 green 
0.512342 0.2573 -0.19964 -0.583919 0.0214855 green 
0.237391 0.570473 -0.328978 -0.419095 0.0424784 blue 
0.0865753 0.914017 0.149229 0.906805 0.0164959 green 
0.872123 0.289236 -0.368039 -0.492938 0.0251635 green 
0.871754 0.930668 0.99954 -0.111655 0.0262822 red 
0.861687 0.0555303 0.229774 -0.336678 0.0392917 green 
0.265281 0.126417 0.123665 0.0885378 0.0199076 green 
0.317569 0.495301 -0.542247 0.631037 0.0257804 red 
0.114567 0.172025 0.160282 -0.0675531 0.0176652 green 
0.526583 0.214609 -0.927889 0.467448 0.0298475 green 
0.265321 0.0511808 -0.0792959 -0.313478 0.0465687 green 
0.474802 0.945068 -0.400618 -0.0354105 0.0224573 red 
0.252382 0.810263 0.297837 0.187632 0.0168261 blue 
0.157206 0.927707 -0.450577 -0.655298 0.0350907 red 
0.625363 0.0630863 -0.73099 -0.821837 0.0233884 green 
0.208762 0.230721 0.154732 0.957862 0.0475045 blue 
0.310191 0.430555 0.407995 0.067811 0.0382945 blue 
0.576997 0.420737 0.374264 0.0198195 0.0453443 green 
0.982176 0.247197 -0.019984 -0.30071 0.0154284 green 
0.834496 0.165205 0.156991 -0.910712 0.0410426 green 
0.489087 0.195837 0.289105 0.857482 0.0385464 green 
0.753858 0.239376 -0.230005 0.113257 0.0159781 green 
0.349174 0.862665 0.0271052 0.237227 0.0165635 red 
0.3491 0.388143 0.130802 -0.816092 0.0235497 red 
0.829644 0.227287 -0.76127 -0.918003 0.0202502 blue 
0.547935 0.825531 0.590657 0.189678 0.0338001 blue 
0.431115 0.955963 -0.560839 -0.25058 0.0448745 blue 
